      0.63095734       40.486677
      0.69582495       39.602994
      0.76736149       38.681372
      0.84625257       37.722406
      0.93325430       36.727023
       1.0292005       35.696368
       1.1350108       34.631898
       1.2516993       33.535409
       1.3803843       32.409010
       1.5222991       31.255018
       1.6788040       30.076163
       1.8513989       28.875362
       2.0417380       27.655898
       2.2516454       26.421233
       2.4831331       25.175127
       2.7384197       23.921563
       3.0199517       22.664716
       3.3304277       21.408846
       3.6728230       20.158359
       4.0504195       18.917695
       4.4668360       17.691338
       4.9260635       16.483689
       5.4325034       15.299157
       5.9910095       14.142012
       6.6069346       13.016363
       7.2861819       11.926098
       8.0352614       10.874849
       8.8613524       9.8659583
       9.7723724       8.9024347
       10.777053       7.9869544
       11.885023       7.1217937
       13.106901       6.3088120
       14.454398       5.5494080
       15.940429       4.8445627
       17.579237       4.1947845
       19.386527       3.6001510
       21.379622       3.0602355
       23.577623       2.5741833
       26.001596       2.1406282
       28.674775       1.7577819
